5 33 45 8 41 13 13 4 20 86
5 33 8 41 13 13 4 20 45 86 
5 8 33 13 13 4 20 41 45 86 
5 8 13 13 4 20 33 41 45 86 
5 8 13 4 13 20 33 41 45 86 
5 8 4 13 13 20 33 41 45 86 
5 4 8 13 13 20 33 41 45 86 
4 5 8 13 13 20 33 41 45 86 
4 5 8 13 13 20 33 41 45 86 

72 82 40 73 70 37 59 10 7 96 
72 40 73 70 37 59 10 7 82 96 
40 72 70 37 59 10 7 73 82 96 
40 70 37 59 10 7 72 73 82 96 
40 37 59 10 7 70 72 73 82 96 
37 40 10 7 59 70 72 73 82 96 
37 10 7 40 59 70 72 73 82 96 
10 7 37 40 59 70 72 73 82 96 
7 10 37 40 59 70 72 73 82 96 

8 43 81 91 64 75 14 57 15 96 
8 43 81 64 75 14 57 15 91 96 
8 43 64 75 14 57 15 81 91 96 
8 43 64 14 57 15 75 81 91 96 
8 43 14 57 15 64 75 81 91 96 
8 14 43 15 57 64 75 81 91 96 
8 14 15 43 57 64 75 81 91 96 
8 14 15 43 57 64 75 81 91 96 
8 14 15 43 57 64 75 81 91 96 

